	X 	Y 	Press 	Sec 	ms 
	 29 	 1208 	 0 	 0 	 2 	 191 
	 29 	 1208 	 506 	 0 	 2 	 203 
	 29 	 1208 	 506 	 0 	 2 	 211 
	 29 	 1208 	 506 	 628 	 2 	 219 
	 29 	 1208 	 506 	 628 	 2 	 227 
	 29 	 1208 	 506 	 628 	 2 	 235 
	 29 	 1208 	 506 	 628 	 2 	 247 
	 29 	 1208 	 506 	 628 	 2 	 255 
	 29 	 1208 	 506 	 628 	 2 	 263 
	 29 	 1208 	 506 	 628 	 2 	 271 
	 29 	 1208 	 506 	 628 	 2 	 283 
	 29 	 1208 	 506 	 628 	 2 	 291 
	 29 	 1208 	 506 	 628 	 2 	 299 
	 29 	 1208 	 506 	 628 	 2 	 307 
	 29 	 1208 	 506 	 628 	 2 	 319 
	 29 	 1208 	 506 	 682 	 2 	 327 
	 29 	 1208 	 506 	 682 	 2 	 335 
	 29 	 1208 	 506 	 682 	 2 	 343 
	 29 	 1208 	 506 	 682 	 2 	 351 
	 29 	 1208 	 506 	 682 	 2 	 363 
	 29 	 1208 	 506 	 682 	 2 	 371 
	 29 	 1208 	 506 	 682 	 2 	 379 
	 29 	 1208 	 506 	 682 	 2 	 387 
	 29 	 1208 	 506 	 682 	 2 	 399 
	 29 	 1208 	 506 	 682 	 2 	 407 
	 29 	 1208 	 506 	 682 	 2 	 415 
	 29 	 1208 	 506 	 682 	 2 	 423 
	 29 	 1208 	 506 	 682 	 2 	 435 
	 29 	 1208 	 506 	 682 	 2 	 443 
	 29 	 1208 	 506 	 727 	 2 	 451 
	 29 	 1208 	 506 	 727 	 2 	 459 
	 29 	 1208 	 506 	 727 	 2 	 467 
	 29 	 1208 	 506 	 727 	 2 	 479 
	 29 	 1208 	 506 	 727 	 2 	 495 
	 29 	 1208 	 506 	 727 	 2 	 495 
	 29 	 1208 	 506 	 727 	 2 	 503 
	 29 	 1208 	 506 	 724 	 2 	 515 
	 29 	 1208 	 506 	 724 	 2 	 523 
	 29 	 1208 	 506 	 724 	 2 	 531 
	 29 	 1208 	 506 	 724 	 2 	 539 
	 29 	 1208 	 506 	 724 	 2 	 551 
	 29 	 1208 	 506 	 724 	 2 	 559 
	 29 	 1208 	 506 	 724 	 2 	 567 
	 29 	 1208 	 506 	 727 	 2 	 575 
	 29 	 1208 	 506 	 727 	 2 	 583 
	 29 	 1208 	 506 	 727 	 2 	 595 
	 29 	 1207 	 506 	 727 	 2 	 603 
	 29 	 1207 	 506 	 729 	 2 	 611 
	 29 	 1207 	 506 	 729 	 2 	 619 
	 29 	 1207 	 506 	 729 	 2 	 631 
	 29 	 1207 	 506 	 729 	 2 	 639 
	 29 	 1207 	 506 	 729 	 2 	 647 
	 29 	 1207 	 506 	 725 	 2 	 655 
	 29 	 1207 	 506 	 725 	 2 	 667 
	 29 	 1207 	 506 	 725 	 2 	 675 
	 29 	 1207 	 506 	 725 	 2 	 683 
	 29 	 1208 	 506 	 725 	 2 	 691 
	 29 	 1208 	 506 	 725 	 2 	 699 
	 29 	 1208 	 506 	 725 	 2 	 711 
	 29 	 1208 	 506 	 725 	 2 	 719 
	 29 	 1208 	 506 	 725 	 2 	 727 
	 29 	 1207 	 506 	 725 	 2 	 735 
	 29 	 1207 	 506 	 725 	 2 	 747 
	 29 	 1207 	 506 	 718 	 2 	 755 
	 29 	 1207 	 506 	 718 	 2 	 763 
	 29 	 1207 	 506 	 718 	 2 	 771 
	 29 	 1207 	 506 	 718 	 2 	 783 
	 29 	 1207 	 506 	 734 	 2 	 791 
	 29 	 1207 	 506 	 734 	 2 	 799 
	 29 	 1207 	 506 	 734 	 2 	 807 
	 29 	 1207 	 506 	 734 	 2 	 815 
	 29 	 1207 	 506 	 734 	 2 	 827 
	 29 	 1207 	 506 	 734 	 2 	 835 
	 29 	 1208 	 506 	 734 	 2 	 843 
	 29 	 1208 	 505 	 734 	 2 	 851 
	 29 	 1208 	 505 	 750 	 2 	 863 
	 29 	 1208 	 505 	 750 	 2 	 871 
	 29 	 1208 	 505 	 750 	 2 	 879 
	 29 	 1208 	 505 	 750 	 2 	 887 
	 29 	 1208 	 505 	 750 	 2 	 899 
	 29 	 1208 	 505 	 750 	 2 	 907 
	 29 	 1208 	 505 	 746 	 2 	 915 
	 29 	 1208 	 505 	 746 	 2 	 923 
	 29 	 1208 	 505 	 746 	 2 	 931 
	 29 	 1208 	 505 	 746 	 2 	 943 
	 29 	 1208 	 505 	 746 	 2 	 951 
	 29 	 1208 	 505 	 736 	 2 	 959 
	 29 	 1208 	 505 	 736 	 2 	 967 
	 29 	 1208 	 505 	 736 	 2 	 979 
	 29 	 1208 	 505 	 736 	 2 	 987 
	 29 	 1207 	 505 	 736 	 2 	 995 
	 29 	 1207 	 505 	 736 	 3 	 3 
	 29 	 1207 	 505 	 732 	 3 	 11 
	 29 	 1207 	 505 	 732 	 3 	 23 
	 29 	 1207 	 505 	 732 	 3 	 31 
	 29 	 1207 	 505 	 641 	 3 	 39 
	 29 	 1207 	 505 	 641 	 3 	 47 
	 29 	 1207 	 505 	 641 	 3 	 59 
	 29 	 1207 	 505 	 641 	 3 	 67 
	 29 	 1207 	 505 	 641 	 3 	 75 
	 29 	 1193 	 505 	 641 	 3 	 83 
	 29 	 1193 	 493 	 641 	 3 	 95 
	 29 	 1193 	 493 	 611 	 3 	 103 
	 29 	 1193 	 493 	 611 	 3 	 111 
	 29 	 1193 	 493 	 611 	 3 	 119 
	 29 	 1193 	 493 	 611 	 3 	 131 
	 29 	 1193 	 493 	 591 	 3 	 139 
	 29 	 1193 	 493 	 591 	 3 	 147 
	 29 	 1193 	 493 	 591 	 3 	 155 
	 29 	 1193 	 493 	 591 	 3 	 163 
	 29 	 1193 	 493 	 591 	 3 	 175 
	 29 	 1157 	 493 	 591 	 3 	 183 
	 29 	 1157 	 477 	 591 	 3 	 191 
	 29 	 1157 	 477 	 588 	 3 	 199 
	 29 	 1157 	 477 	 588 	 3 	 211 
	 29 	 1157 	 477 	 588 	 3 	 219 
	 29 	 1117 	 477 	 588 	 3 	 235 
	 29 	 1117 	 464 	 588 	 3 	 235 
	 29 	 1117 	 464 	 568 	 3 	 247 
	 29 	 1117 	 464 	 568 	 3 	 255 
	 29 	 1117 	 464 	 568 	 3 	 263 
	 29 	 1117 	 464 	 568 	 3 	 271 
	 29 	 1117 	 464 	 568 	 3 	 279 
	 29 	 1112 	 464 	 568 	 3 	 291 
	 29 	 1112 	 463 	 568 	 3 	 299 
	 29 	 1112 	 463 	 565 	 3 	 307 
	 29 	 1112 	 463 	 565 	 3 	 315 
	 29 	 1112 	 463 	 565 	 3 	 327 
	 29 	 1112 	 463 	 565 	 3 	 335 
	 29 	 1112 	 463 	 565 	 3 	 343 
	 29 	 1112 	 463 	 565 	 3 	 351 
	 29 	 1071 	 463 	 565 	 3 	 363 
	 29 	 1071 	 456 	 565 	 3 	 371 
	 29 	 1071 	 456 	 565 	 3 	 379 
	 29 	 1071 	 456 	 552 	 3 	 387 
	 29 	 1071 	 456 	 552 	 3 	 395 
	 29 	 1071 	 456 	 552 	 3 	 407 
	 29 	 1071 	 456 	 552 	 3 	 415 
	 29 	 1071 	 456 	 552 	 3 	 423 
	 29 	 1067 	 456 	 552 	 3 	 431 
	 29 	 1067 	 456 	 552 	 3 	 443 
	 29 	 1067 	 456 	 552 	 3 	 451 
	 29 	 1047 	 456 	 552 	 3 	 459 
	 29 	 1047 	 456 	 552 	 3 	 467 
	 29 	 1047 	 456 	 557 	 3 	 479 
	 29 	 1047 	 456 	 557 	 3 	 487 
	 29 	 1047 	 456 	 557 	 3 	 495 
	 29 	 1047 	 456 	 557 	 3 	 503 
	 29 	 1047 	 456 	 557 	 3 	 511 
	 29 	 1047 	 456 	 557 	 3 	 523 
	 29 	 1047 	 456 	 557 	 3 	 531 
	 29 	 1047 	 456 	 551 	 3 	 539 
	 29 	 1047 	 456 	 525 	 3 	 547 
	 29 	 1047 	 456 	 525 	 3 	 559 
	 29 	 1047 	 456 	 525 	 3 	 567 
	 29 	 1047 	 456 	 525 	 3 	 575 
	 29 	 1047 	 456 	 525 	 3 	 583 
	 29 	 1009 	 456 	 525 	 3 	 595 
	 29 	 1009 	 480 	 525 	 3 	 603 
	 29 	 1009 	 480 	 524 	 3 	 611 
	 29 	 1009 	 480 	 524 	 3 	 619 
	 29 	 1009 	 480 	 524 	 3 	 627 
	 29 	 986 	 480 	 524 	 3 	 647 
	 29 	 986 	 507 	 524 	 3 	 647 
	 29 	 986 	 507 	 484 	 3 	 655 
	 29 	 986 	 507 	 484 	 3 	 663 
	 29 	 986 	 507 	 484 	 3 	 675 
	 29 	 986 	 507 	 484 	 3 	 683 
	 29 	 986 	 507 	 484 	 3 	 691 
	 29 	 985 	 507 	 484 	 3 	 699 
	 29 	 985 	 511 	 484 	 3 	 711 
	 29 	 985 	 511 	 484 	 3 	 714 
	 29 	 985 	 511 	 482 	 3 	 726 
	 29 	 985 	 511 	 482 	 3 	 734 
	 29 	 985 	 511 	 482 	 3 	 742 
	 29 	 985 	 511 	 482 	 3 	 754 
	 29 	 995 	 511 	 482 	 3 	 763 
	 29 	 995 	 599 	 482 	 3 	 771 
	 29 	 995 	 599 	 482 	 3 	 778 
	 29 	 995 	 599 	 470 	 3 	 790 
	 29 	 995 	 599 	 470 	 3 	 798 
	 29 	 995 	 599 	 470 	 3 	 806 
	 29 	 995 	 599 	 470 	 3 	 815 
	 29 	 995 	 599 	 470 	 3 	 822 
	 29 	 1005 	 599 	 470 	 3 	 834 
	 29 	 1005 	 749 	 470 	 3 	 842 
	 29 	 1005 	 749 	 476 	 3 	 850 
	 29 	 1005 	 749 	 476 	 3 	 858 
	 29 	 1005 	 749 	 476 	 3 	 870 
	 29 	 1005 	 749 	 476 	 3 	 878 
	 29 	 1005 	 749 	 476 	 3 	 886 
	 29 	 1001 	 749 	 476 	 3 	 894 
	 29 	 1001 	 760 	 476 	 3 	 902 
	 29 	 1001 	 760 	 476 	 3 	 914 
	 29 	 1001 	 760 	 476 	 3 	 923 
	 29 	 1001 	 760 	 476 	 3 	 930 
	 29 	 936 	 760 	 476 	 3 	 938 
	 29 	 936 	 868 	 476 	 3 	 950 
	 29 	 936 	 868 	 476 	 3 	 958 
	 29 	 936 	 868 	 476 	 3 	 966 
	 29 	 936 	 868 	 476 	 3 	 974 
	 29 	 927 	 868 	 476 	 3 	 982 
	 29 	 927 	 879 	 476 	 3 	 994 
	 29 	 927 	 879 	 476 	 4 	 2 
	 29 	 927 	 879 	 475 	 4 	 10 
	 29 	 842 	 879 	 475 	 4 	 30 
	 29 	 842 	 1003 	 475 	 4 	 30 
	 29 	 842 	 1003 	 475 	 4 	 38 
	 29 	 842 	 1003 	 495 	 4 	 46 
	 29 	 842 	 1003 	 495 	 4 	 54 
	 29 	 842 	 1003 	 495 	 4 	 66 
	 29 	 842 	 1003 	 495 	 4 	 74 
	 29 	 833 	 1003 	 495 	 4 	 82 
	 29 	 833 	 1011 	 495 	 4 	 90 
	 29 	 833 	 1011 	 510 	 4 	 102 
	 29 	 833 	 1011 	 510 	 4 	 110 
	 29 	 833 	 1011 	 510 	 4 	 118 
	 29 	 833 	 1011 	 572 	 4 	 126 
	 29 	 833 	 1011 	 572 	 4 	 138 
	 29 	 833 	 1011 	 572 	 4 	 146 
	 29 	 833 	 1011 	 572 	 4 	 154 
	 29 	 833 	 1011 	 572 	 4 	 162 
	 29 	 721 	 1011 	 572 	 4 	 170 
	 29 	 721 	 1070 	 572 	 4 	 182 
	 29 	 721 	 1070 	 572 	 4 	 190 
	 29 	 721 	 1070 	 573 	 4 	 198 
	 29 	 721 	 1070 	 573 	 4 	 206 
	 29 	 721 	 1070 	 540 	 4 	 218 
	 29 	 721 	 1070 	 540 	 4 	 226 
	 29 	 721 	 1070 	 540 	 4 	 234 
	 29 	 721 	 1070 	 540 	 4 	 242 
	 29 	 579 	 1070 	 540 	 4 	 254 
	 29 	 579 	 1098 	 540 	 4 	 262 
	 29 	 579 	 1098 	 540 	 4 	 270 
	 29 	 579 	 1098 	 539 	 4 	 278 
	 29 	 579 	 1098 	 539 	 4 	 286 
	 29 	 579 	 1098 	 514 	 4 	 298 
	 29 	 579 	 1098 	 514 	 4 	 306 
	 29 	 579 	 1098 	 514 	 4 	 314 
	 29 	 579 	 1098 	 514 	 4 	 322 
	 29 	 579 	 1098 	 514 	 4 	 334 
	 29 	 431 	 1098 	 514 	 4 	 342 
	 29 	 431 	 1089 	 514 	 4 	 350 
	 29 	 431 	 1089 	 514 	 4 	 358 
	 29 	 431 	 1089 	 510 	 4 	 370 
	 29 	 431 	 1089 	 510 	 4 	 378 
	 29 	 431 	 1089 	 510 	 4 	 386 
	 29 	 431 	 1089 	 510 	 4 	 394 
	 29 	 431 	 1089 	 510 	 4 	 402 
	 29 	 279 	 1089 	 510 	 4 	 410 
	 29 	 279 	 1035 	 510 	 4 	 422 
	 29 	 279 	 1035 	 510 	 4 	 430 
	 29 	 279 	 1035 	 520 	 4 	 438 
	 29 	 279 	 1035 	 520 	 4 	 446 
	 29 	 279 	 1035 	 520 	 4 	 458 
	 29 	 279 	 1035 	 520 	 4 	 466 
	 29 	 203 	 1035 	 520 	 4 	 486 
	 29 	 203 	 909 	 520 	 4 	 486 
	 29 	 203 	 909 	 520 	 4 	 494 
	 29 	 203 	 909 	 514 	 4 	 502 
	 29 	 203 	 909 	 514 	 4 	 510 
	 29 	 203 	 909 	 514 	 4 	 518 
	 29 	 203 	 909 	 514 	 4 	 526 
	 29 	 203 	 909 	 514 	 4 	 538 
	 29 	 200 	 909 	 514 	 4 	 546 
	 29 	 200 	 892 	 514 	 4 	 554 
	 29 	 200 	 892 	 514 	 4 	 566 
	 29 	 200 	 892 	 514 	 4 	 574 
	 29 	 200 	 892 	 481 	 4 	 582 
	 29 	 200 	 892 	 481 	 4 	 590 
	 29 	 200 	 892 	 481 	 4 	 598 
	 29 	 200 	 892 	 481 	 4 	 610 
	 29 	 226 	 892 	 481 	 4 	 618 
	 29 	 226 	 702 	 481 	 4 	 626 
	 29 	 226 	 702 	 481 	 4 	 634 
	 29 	 226 	 702 	 481 	 4 	 646 
	 29 	 226 	 702 	 481 	 4 	 654 
	 29 	 226 	 702 	 481 	 4 	 662 
	 29 	 226 	 702 	 457 	 4 	 670 
	 29 	 226 	 702 	 457 	 4 	 682 
	 29 	 226 	 702 	 457 	 4 	 690 
	 29 	 226 	 702 	 457 	 4 	 698 
	 29 	 333 	 702 	 457 	 4 	 706 
	 29 	 333 	 571 	 457 	 4 	 718 
	 29 	 333 	 571 	 452 	 4 	 726 
	 29 	 333 	 571 	 452 	 4 	 734 
	 29 	 333 	 571 	 452 	 4 	 742 
	 29 	 333 	 571 	 452 	 4 	 750 
	 29 	 333 	 571 	 452 	 4 	 762 
	 29 	 470 	 571 	 452 	 4 	 770 
	 29 	 470 	 534 	 452 	 4 	 778 
	 29 	 470 	 534 	 456 	 4 	 786 
	 29 	 470 	 534 	 456 	 4 	 798 
	 29 	 470 	 534 	 456 	 4 	 806 
	 29 	 470 	 534 	 456 	 4 	 814 
	 29 	 470 	 534 	 456 	 4 	 822 
	 29 	 481 	 534 	 456 	 4 	 834 
	 29 	 481 	 534 	 457 	 4 	 838 
	 29 	 481 	 534 	 457 	 4 	 850 
	 29 	 573 	 534 	 457 	 4 	 866 
	 29 	 573 	 582 	 457 	 4 	 866 
	 29 	 573 	 582 	 467 	 4 	 878 
	 29 	 573 	 582 	 467 	 4 	 886 
	 29 	 573 	 582 	 467 	 4 	 894 
	 29 	 573 	 582 	 467 	 4 	 902 
	 29 	 573 	 582 	 467 	 4 	 914 
	 29 	 579 	 582 	 467 	 4 	 922 
	 29 	 579 	 592 	 467 	 4 	 930 
	 29 	 579 	 592 	 467 	 4 	 938 
	 29 	 579 	 592 	 467 	 4 	 946 
	 29 	 579 	 592 	 467 	 4 	 958 
	 29 	 579 	 592 	 467 	 4 	 966 
	 29 	 579 	 592 	 467 	 4 	 974 
	 29 	 616 	 592 	 467 	 4 	 982 
	 29 	 616 	 709 	 467 	 4 	 994 
	 29 	 616 	 709 	 467 	 5 	 2 
	 29 	 616 	 709 	 480 	 5 	 10 
	 29 	 616 	 709 	 480 	 5 	 18 
	 29 	 616 	 709 	 480 	 5 	 30 
	 29 	 616 	 709 	 480 	 5 	 38 
	 29 	 616 	 709 	 480 	 5 	 46 
	 29 	 616 	 709 	 480 	 5 	 54 
	 29 	 616 	 709 	 480 	 5 	 66 
	 29 	 616 	 709 	 480 	 5 	 74 
	 29 	 650 	 709 	 480 	 5 	 82 
	 29 	 650 	 839 	 480 	 5 	 90 
	 29 	 650 	 839 	 480 	 5 	 98 
	 29 	 650 	 839 	 480 	 5 	 110 
	 29 	 650 	 839 	 480 	 5 	 118 
	 29 	 650 	 839 	 480 	 5 	 126 
	 29 	 650 	 839 	 480 	 5 	 134 
	 29 	 650 	 839 	 480 	 5 	 146 
	 29 	 702 	 839 	 480 	 5 	 154 
	 29 	 702 	 931 	 480 	 5 	 162 
	 29 	 702 	 931 	 480 	 5 	 170 
	 29 	 702 	 931 	 486 	 5 	 182 
	 29 	 702 	 931 	 486 	 5 	 190 
	 29 	 702 	 931 	 486 	 5 	 198 
	 29 	 702 	 931 	 486 	 5 	 206 
	 29 	 708 	 931 	 486 	 5 	 214 
	 29 	 708 	 939 	 486 	 5 	 226 
	 29 	 708 	 939 	 486 	 5 	 234 
	 29 	 708 	 939 	 486 	 5 	 242 
	 29 	 708 	 939 	 486 	 5 	 250 
	 29 	 708 	 939 	 486 	 5 	 262 
	 29 	 708 	 939 	 486 	 5 	 270 
	 29 	 708 	 939 	 486 	 5 	 278 
	 29 	 802 	 939 	 486 	 5 	 286 
	 29 	 802 	 980 	 486 	 5 	 298 
	 29 	 802 	 980 	 486 	 5 	 306 
	 29 	 802 	 980 	 489 	 5 	 314 
	 29 	 802 	 980 	 489 	 5 	 322 
	 29 	 802 	 980 	 489 	 5 	 330 
	 29 	 927 	 980 	 489 	 5 	 342 
	 29 	 927 	 980 	 489 	 5 	 350 
	 29 	 927 	 980 	 489 	 5 	 358 
	 29 	 927 	 980 	 488 	 5 	 366 
	 29 	 927 	 980 	 488 	 5 	 378 
	 29 	 927 	 980 	 488 	 5 	 386 
	 29 	 927 	 980 	 488 	 5 	 394 
	 29 	 941 	 980 	 488 	 5 	 402 
	 29 	 941 	 978 	 488 	 5 	 414 
	 29 	 941 	 978 	 488 	 5 	 418 
	 29 	 941 	 978 	 488 	 5 	 430 
	 29 	 941 	 978 	 488 	 5 	 438 
	 29 	 941 	 978 	 488 	 5 	 446 
	 29 	 941 	 978 	 488 	 5 	 454 
	 29 	 1080 	 978 	 488 	 5 	 466 
	 29 	 1080 	 915 	 488 	 5 	 474 
	 29 	 1080 	 915 	 488 	 5 	 482 
	 29 	 1080 	 915 	 488 	 5 	 494 
	 29 	 1080 	 915 	 488 	 5 	 502 
	 29 	 1080 	 915 	 488 	 5 	 510 
	 29 	 1080 	 915 	 488 	 5 	 518 
	 29 	 1080 	 915 	 488 	 5 	 526 
	 29 	 1080 	 915 	 488 	 5 	 534 
	 29 	 1228 	 915 	 488 	 5 	 546 
	 29 	 1228 	 801 	 488 	 5 	 554 
	 29 	 1228 	 801 	 488 	 5 	 562 
	 29 	 1228 	 801 	 514 	 5 	 574 
	 29 	 1228 	 801 	 514 	 5 	 582 
	 29 	 1228 	 801 	 514 	 5 	 590 
	 29 	 1228 	 801 	 514 	 5 	 598 
	 29 	 1228 	 801 	 577 	 5 	 610 
	 29 	 1228 	 801 	 577 	 5 	 618 
	 29 	 1228 	 801 	 577 	 5 	 626 
	 29 	 1228 	 801 	 577 	 5 	 634 
	 29 	 1228 	 801 	 577 	 5 	 642 
	 29 	 1345 	 801 	 577 	 5 	 654 
	 29 	 1345 	 671 	 577 	 5 	 662 
	 29 	 1345 	 671 	 577 	 5 	 670 
	 29 	 1345 	 671 	 575 	 5 	 678 
	 29 	 1345 	 671 	 575 	 5 	 690 
	 29 	 1345 	 671 	 538 	 5 	 698 
	 29 	 1345 	 671 	 538 	 5 	 706 
	 29 	 1345 	 671 	 538 	 5 	 714 
	 29 	 1345 	 671 	 538 	 5 	 722 
	 29 	 1345 	 671 	 538 	 5 	 734 
	 29 	 1392 	 671 	 538 	 5 	 742 
	 29 	 1392 	 536 	 538 	 5 	 750 
	 29 	 1392 	 536 	 538 	 5 	 758 
	 29 	 1392 	 536 	 540 	 5 	 770 
	 29 	 1392 	 536 	 540 	 5 	 778 
	 29 	 1392 	 536 	 540 	 5 	 786 
	 29 	 1353 	 536 	 540 	 5 	 794 
	 29 	 1353 	 425 	 540 	 5 	 806 
	 29 	 1353 	 425 	 540 	 5 	 814 
	 29 	 1353 	 425 	 563 	 5 	 822 
	 29 	 1353 	 425 	 563 	 5 	 830 
	 29 	 1353 	 425 	 563 	 5 	 838 
	 29 	 1353 	 425 	 563 	 5 	 850 
	 29 	 1353 	 425 	 563 	 5 	 858 
	 29 	 1345 	 425 	 563 	 5 	 866 
	 29 	 1345 	 416 	 563 	 5 	 874 
	 29 	 1345 	 416 	 541 	 5 	 886 
	 29 	 1345 	 416 	 541 	 5 	 894 
	 29 	 1345 	 416 	 541 	 5 	 902 
	 29 	 1345 	 416 	 541 	 5 	 910 
	 29 	 1345 	 416 	 541 	 5 	 922 
	 29 	 1234 	 416 	 541 	 5 	 930 
	 29 	 1234 	 345 	 541 	 5 	 938 
	 29 	 1234 	 345 	 541 	 5 	 946 
	 29 	 1234 	 345 	 546 	 5 	 958 
	 29 	 1234 	 345 	 546 	 5 	 966 
	 29 	 1046 	 345 	 546 	 5 	 982 
	 29 	 1046 	 384 	 546 	 5 	 982 
	 29 	 1046 	 384 	 546 	 5 	 990 
	 29 	 1046 	 384 	 511 	 6 	 2 
	 29 	 1046 	 384 	 511 	 6 	 10 
	 29 	 1046 	 384 	 511 	 6 	 18 
	 29 	 1026 	 384 	 511 	 6 	 26 
	 29 	 1026 	 397 	 511 	 6 	 38 
	 29 	 1026 	 397 	 511 	 6 	 46 
	 29 	 1026 	 397 	 531 	 6 	 54 
	 29 	 1026 	 397 	 531 	 6 	 62 
	 29 	 1026 	 397 	 531 	 6 	 74 
	 29 	 1026 	 397 	 557 	 6 	 82 
	 29 	 1026 	 397 	 557 	 6 	 90 
	 29 	 1026 	 397 	 557 	 6 	 98 
	 29 	 1026 	 397 	 557 	 6 	 106 
	 29 	 1026 	 397 	 557 	 6 	 114 
	 29 	 933 	 397 	 557 	 6 	 126 
	 29 	 933 	 561 	 557 	 6 	 134 
	 29 	 933 	 561 	 557 	 6 	 142 
	 29 	 933 	 561 	 543 	 6 	 150 
	 29 	 933 	 561 	 543 	 6 	 162 
	 29 	 902 	 561 	 543 	 6 	 170 
	 29 	 902 	 662 	 543 	 6 	 178 
	 29 	 902 	 662 	 543 	 6 	 190 
	 29 	 902 	 662 	 427 	 6 	 198 
	 29 	 902 	 662 	 427 	 6 	 206 
	 29 	 902 	 662 	 427 	 6 	 214 
	 29 	 902 	 662 	 427 	 6 	 222 
	 29 	 902 	 662 	 427 	 6 	 230 
	 29 	 895 	 662 	 427 	 6 	 242 
	 29 	 895 	 672 	 427 	 6 	 250 
	 29 	 895 	 672 	 427 	 6 	 258 
	 29 	 767 	 672 	 427 	 6 	 270 
	 29 	 767 	 716 	 427 	 6 	 278 
	 29 	 767 	 716 	 427 	 6 	 286 
	 29 	 767 	 716 	 471 	 6 	 294 
	 29 	 767 	 716 	 471 	 6 	 306 
	 29 	 767 	 716 	 471 	 6 	 314 
	 29 	 767 	 716 	 471 	 6 	 322 
	 29 	 767 	 716 	 471 	 6 	 330 
	 29 	 750 	 716 	 471 	 6 	 338 
	 29 	 750 	 712 	 471 	 6 	 350 
	 29 	 750 	 712 	 471 	 6 	 358 
	 29 	 750 	 712 	 471 	 6 	 366 
	 29 	 600 	 712 	 471 	 6 	 374 
	 29 	 600 	 637 	 471 	 6 	 386 
	 29 	 600 	 637 	 471 	 6 	 394 
	 29 	 600 	 637 	 470 	 6 	 402 
	 29 	 600 	 637 	 470 	 6 	 410 
	 29 	 600 	 637 	 470 	 6 	 422 
	 29 	 600 	 637 	 470 	 6 	 430 
	 29 	 600 	 637 	 470 	 6 	 438 
	 29 	 600 	 637 	 470 	 6 	 446 
	 29 	 600 	 637 	 470 	 6 	 454 
	 29 	 499 	 637 	 470 	 6 	 466 
	 29 	 499 	 540 	 470 	 6 	 474 
	 29 	 499 	 540 	 470 	 6 	 482 
	 29 	 499 	 540 	 470 	 6 	 490 
	 29 	 499 	 540 	 470 	 6 	 498 
	 29 	 499 	 540 	 470 	 6 	 510 
	 29 	 499 	 540 	 470 	 6 	 518 
	 29 	 493 	 540 	 470 	 6 	 526 
	 29 	 488 	 540 	 470 	 6 	 546 
	 29 	 488 	 410 	 470 	 6 	 546 
	 29 	 488 	 410 	 470 	 6 	 554 
	 29 	 488 	 410 	 519 	 6 	 562 
	 29 	 488 	 410 	 519 	 6 	 570 
	 29 	 488 	 410 	 519 	 6 	 582 
	 29 	 488 	 410 	 519 	 6 	 590 
	 29 	 488 	 410 	 519 	 6 	 598 
	 29 	 493 	 410 	 519 	 6 	 606 
	 29 	 493 	 394 	 519 	 6 	 618 
	 29 	 578 	 394 	 519 	 6 	 634 
	 29 	 578 	 298 	 519 	 6 	 634 
	 29 	 578 	 298 	 519 	 6 	 642 
	 29 	 578 	 298 	 519 	 6 	 654 
	 29 	 578 	 298 	 519 	 6 	 662 
	 29 	 578 	 298 	 519 	 6 	 670 
	 29 	 591 	 298 	 519 	 6 	 678 
	 29 	 591 	 295 	 519 	 6 	 686 
	 29 	 591 	 295 	 519 	 6 	 698 
	 29 	 591 	 295 	 519 	 6 	 706 
	 29 	 602 	 295 	 519 	 6 	 714 
	 29 	 602 	 295 	 519 	 6 	 722 
	 29 	 696 	 295 	 519 	 6 	 734 
	 29 	 696 	 351 	 519 	 6 	 742 
	 29 	 696 	 351 	 519 	 6 	 750 
	 29 	 696 	 351 	 526 	 6 	 758 
	 29 	 696 	 351 	 526 	 6 	 766 
	 29 	 696 	 351 	 526 	 6 	 778 
	 29 	 696 	 351 	 526 	 6 	 786 
	 29 	 696 	 351 	 526 	 6 	 794 
	 29 	 705 	 351 	 526 	 6 	 802 
	 29 	 705 	 366 	 526 	 6 	 814 
	 29 	 705 	 366 	 526 	 6 	 822 
	 29 	 705 	 366 	 563 	 6 	 830 
	 29 	 705 	 366 	 563 	 6 	 838 
	 29 	 705 	 366 	 563 	 6 	 850 
	 29 	 781 	 366 	 563 	 6 	 858 
	 29 	 781 	 605 	 563 	 6 	 866 
	 29 	 781 	 605 	 563 	 6 	 874 
	 29 	 781 	 605 	 565 	 6 	 886 
	 29 	 781 	 605 	 565 	 6 	 894 
	 29 	 781 	 605 	 565 	 6 	 902 
	 29 	 789 	 605 	 565 	 6 	 910 
	 29 	 789 	 605 	 565 	 6 	 918 
	 29 	 789 	 605 	 601 	 6 	 930 
	 29 	 789 	 605 	 601 	 6 	 938 
	 29 	 789 	 605 	 601 	 6 	 946 
	 29 	 789 	 605 	 601 	 6 	 954 
	 29 	 789 	 605 	 601 	 6 	 966 
	 29 	 902 	 605 	 601 	 6 	 974 
	 29 	 902 	 921 	 601 	 6 	 982 
	 29 	 902 	 921 	 601 	 6 	 990 
	 29 	 902 	 921 	 600 	 7 	 2 
	 29 	 902 	 921 	 600 	 7 	 6 
	 29 	 902 	 921 	 600 	 7 	 18 
	 29 	 1072 	 921 	 600 	 7 	 26 
	 29 	 1072 	 1025 	 600 	 7 	 34 
	 29 	 1072 	 1025 	 600 	 7 	 42 
	 29 	 1072 	 1025 	 567 	 7 	 54 
	 29 	 1072 	 1025 	 567 	 7 	 62 
	 29 	 1072 	 1025 	 567 	 7 	 70 
	 29 	 1072 	 1025 	 567 	 7 	 82 
	 29 	 1072 	 1025 	 567 	 7 	 86 
	 29 	 1091 	 1025 	 567 	 7 	 98 
	 29 	 1091 	 1025 	 567 	 7 	 106 
	 29 	 1091 	 1025 	 567 	 7 	 118 
	 29 	 1261 	 1025 	 567 	 7 	 126 
	 29 	 1261 	 966 	 567 	 7 	 134 
	 29 	 1261 	 966 	 567 	 7 	 142 
	 29 	 1261 	 966 	 567 	 7 	 150 
	 29 	 1261 	 966 	 567 	 7 	 158 
	 29 	 1261 	 966 	 567 	 7 	 170 
	 29 	 1261 	 966 	 567 	 7 	 178 
	 29 	 1278 	 966 	 567 	 7 	 186 
	 29 	 1278 	 955 	 567 	 7 	 198 
	 29 	 1278 	 955 	 567 	 7 	 206 
	 29 	 1278 	 955 	 567 	 7 	 214 
	 29 	 1385 	 955 	 567 	 7 	 222 
	 29 	 1385 	 811 	 567 	 7 	 230 
	 29 	 1385 	 811 	 576 	 7 	 242 
	 29 	 1385 	 811 	 576 	 7 	 250 
	 29 	 1385 	 811 	 576 	 7 	 258 
	 29 	 1385 	 811 	 576 	 7 	 266 
	 29 	 1385 	 811 	 576 	 7 	 278 
	 29 	 1392 	 811 	 576 	 7 	 286 
	 29 	 1392 	 811 	 577 	 7 	 294 
	 29 	 1392 	 811 	 577 	 7 	 302 
	 29 	 1392 	 811 	 577 	 7 	 314 
	 29 	 1392 	 811 	 577 	 7 	 322 
	 29 	 1392 	 811 	 577 	 7 	 330 
	 29 	 1445 	 811 	 577 	 7 	 338 
	 29 	 1445 	 629 	 577 	 7 	 346 
	 29 	 1445 	 629 	 577 	 7 	 358 
	 29 	 1445 	 629 	 577 	 7 	 366 
	 29 	 1445 	 629 	 577 	 7 	 374 
	 29 	 1445 	 629 	 587 	 7 	 382 
	 29 	 1445 	 629 	 587 	 7 	 390 
	 29 	 1445 	 629 	 587 	 7 	 402 
	 29 	 1445 	 629 	 587 	 7 	 410 
	 29 	 1453 	 629 	 587 	 7 	 418 
	 29 	 1453 	 443 	 587 	 7 	 430 
	 29 	 1453 	 443 	 587 	 7 	 438 
	 29 	 1453 	 443 	 589 	 7 	 446 
	 29 	 1453 	 443 	 589 	 7 	 454 
	 29 	 1453 	 443 	 589 	 7 	 462 
	 29 	 1453 	 443 	 589 	 7 	 474 
	 29 	 1453 	 443 	 589 	 7 	 482 
	 29 	 1453 	 443 	 589 	 7 	 490 
	 29 	 1370 	 443 	 589 	 7 	 498 
	 29 	 1370 	 265 	 589 	 7 	 510 
	 29 	 1370 	 265 	 589 	 7 	 518 
	 29 	 1370 	 265 	 564 	 7 	 526 
	 29 	 1370 	 265 	 564 	 7 	 534 
	 29 	 1370 	 265 	 564 	 7 	 546 
	 29 	 1370 	 265 	 564 	 7 	 550 
	 29 	 1370 	 265 	 564 	 7 	 562 
	 29 	 1200 	 265 	 564 	 7 	 570 
	 29 	 1200 	 167 	 564 	 7 	 578 
	 29 	 1200 	 167 	 564 	 7 	 590 
	 29 	 1200 	 167 	 570 	 7 	 598 
	 29 	 1200 	 167 	 570 	 7 	 606 
	 29 	 1200 	 167 	 570 	 7 	 614 
	 29 	 1200 	 167 	 570 	 7 	 622 
	 29 	 1200 	 167 	 570 	 7 	 634 
	 29 	 1180 	 167 	 570 	 7 	 642 
	 29 	 1180 	 165 	 570 	 7 	 650 
	 29 	 985 	 165 	 570 	 7 	 670 
	 29 	 985 	 239 	 570 	 7 	 670 
	 29 	 985 	 239 	 570 	 7 	 678 
	 29 	 985 	 239 	 570 	 7 	 686 
	 29 	 985 	 239 	 570 	 7 	 694 
	 29 	 985 	 239 	 570 	 7 	 706 
	 29 	 985 	 239 	 570 	 7 	 714 
	 29 	 970 	 239 	 570 	 7 	 722 
	 29 	 970 	 255 	 570 	 7 	 730 
	 29 	 970 	 255 	 570 	 7 	 742 
	 29 	 970 	 255 	 586 	 7 	 750 
	 29 	 970 	 255 	 586 	 7 	 758 
	 29 	 970 	 255 	 586 	 7 	 766 
	 29 	 889 	 255 	 586 	 7 	 778 
	 29 	 889 	 463 	 586 	 7 	 786 
	 29 	 889 	 463 	 586 	 7 	 794 
	 29 	 889 	 463 	 479 	 7 	 802 
	 29 	 889 	 463 	 479 	 7 	 810 
	 29 	 889 	 463 	 479 	 7 	 822 
	 29 	 889 	 463 	 479 	 7 	 830 
	 29 	 889 	 463 	 479 	 7 	 838 
	 29 	 889 	 463 	 479 	 7 	 846 
	 29 	 981 	 463 	 479 	 7 	 858 
	 29 	 981 	 585 	 479 	 7 	 866 
	 29 	 981 	 585 	 479 	 7 	 874 
	 29 	 981 	 585 	 420 	 7 	 882 
	 29 	 981 	 585 	 420 	 7 	 894 
	 29 	 981 	 585 	 420 	 7 	 898 
	 29 	 981 	 585 	 420 	 7 	 910 
	 29 	 981 	 585 	 420 	 7 	 918 
	 29 	 999 	 585 	 420 	 7 	 926 
	 29 	 999 	 587 	 420 	 7 	 938 
	 29 	 999 	 587 	 420 	 7 	 946 
	 29 	 999 	 587 	 420 	 7 	 954 
	 29 	 999 	 587 	 420 	 7 	 962 
	 29 	 1244 	 587 	 420 	 7 	 974 
	 29 	 1244 	 573 	 420 	 7 	 982 
	 29 	 1244 	 573 	 401 	 7 	 990 
	 29 	 1244 	 573 	 401 	 7 	 998 
	 29 	 1244 	 573 	 401 	 8 	 10 
	 29 	 1260 	 573 	 401 	 8 	 17 
	 29 	 1260 	 582 	 401 	 8 	 25 
	 29 	 1262 	 582 	 401 	 8 	 41 
	 29 	 1262 	 703 	 401 	 8 	 42 
	 29 	 1262 	 703 	 401 	 8 	 53 
	 29 	 1262 	 703 	 605 	 8 	 61 
	 29 	 1262 	 703 	 605 	 8 	 69 
	 29 	 1262 	 703 	 605 	 8 	 77 
	 29 	 1262 	 703 	 605 	 8 	 89 
	 29 	 1262 	 703 	 605 	 8 	 97 
	 29 	 1245 	 703 	 605 	 8 	 105 
	 29 	 1245 	 724 	 605 	 8 	 113 
	 29 	 1245 	 724 	 605 	 8 	 125 
	 29 	 1076 	 724 	 605 	 8 	 133 
	 29 	 1076 	 839 	 605 	 8 	 142 
	 29 	 1076 	 839 	 300 	 8 	 149 
	 29 	 1076 	 839 	 300 	 8 	 157 
	 29 	 1076 	 839 	 300 	 8 	 165 
	 29 	 1076 	 839 	 300 	 8 	 177 
	 29 	 1076 	 839 	 300 	 8 	 185 
	 29 	 1067 	 839 	 300 	 8 	 193 
	 29 	 1067 	 839 	 300 	 8 	 205 
	 29 	 1067 	 839 	 300 	 8 	 213 
	 29 	 1067 	 839 	 170 	 8 	 221 
	 29 	 1067 	 839 	 552 	 8 	 229 
	 29 	 1067 	 839 	 552 	 8 	 241 
	 29 	 1067 	 839 	 552 	 8 	 249 
	 29 	 1067 	 839 	 552 	 8 	 257 
	 29 	 1067 	 839 	 552 	 8 	 265 
	 29 	 1028 	 839 	 552 	 8 	 273 
	 29 	 1028 	 761 	 552 	 8 	 285 
	 29 	 1028 	 761 	 552 	 8 	 294 
	 29 	 1028 	 761 	 514 	 8 	 301 
	 29 	 1028 	 761 	 514 	 8 	 309 
	 29 	 718 	 761 	 514 	 8 	 317 
	 29 	 718 	 869 	 514 	 8 	 329 
	 29 	 718 	 869 	 514 	 8 	 337 
	 29 	 718 	 869 	 597 	 8 	 345 
	 29 	 718 	 869 	 597 	 8 	 353 
	 29 	 718 	 869 	 597 	 8 	 365 
	 29 	 683 	 869 	 597 	 8 	 373 
	 29 	 683 	 882 	 597 	 8 	 381 
	 29 	 683 	 882 	 597 	 8 	 389 
	 29 	 683 	 882 	 599 	 8 	 401 
	 29 	 683 	 882 	 599 	 8 	 409 
	 29 	 683 	 882 	 599 	 8 	 417 
	 29 	 683 	 882 	 599 	 8 	 425 
	 29 	 683 	 882 	 599 	 8 	 437 
	 29 	 405 	 882 	 599 	 8 	 445 
	 29 	 405 	 901 	 599 	 8 	 453 
	 29 	 405 	 901 	 599 	 8 	 461 
	 29 	 405 	 901 	 564 	 8 	 473 
	 29 	 405 	 901 	 564 	 8 	 481 
	 29 	 405 	 901 	 564 	 8 	 489 
	 29 	 405 	 901 	 585 	 8 	 497 
	 29 	 405 	 901 	 585 	 8 	 505 
	 29 	 405 	 901 	 585 	 8 	 517 
	 29 	 405 	 901 	 585 	 8 	 525 
	 29 	 405 	 901 	 585 	 8 	 533 
	 29 	 2